L‌‌o‌‌‌‌‌‌‌n‌‌‌‌‌‌‌g‌‌‌‌‌‌‌ ‌‌‌‌‌‌‌‌A‌‌‌‌‌‌‌n‌‌‌‌‌‌‌‌ ‌‌‌‌‌FC
F‌‌i‌‌‌‌‌‌‌c‌‌‌‌‌‌‌o‌‌‌‌‌‌‌ ‌‌‌‌‌‌‌‌T‌‌‌‌‌‌‌a‌‌‌‌‌‌‌‌y‌‌‌‌‌ Ninh
bu gio 3 phut H1
[11588,0,[[[11871,'A\u200C\u200Cu\u200C\u200C\u200C\u200C\u200C\u200C\u200Cs\u200C\u200C\u200C\u200C\u200C\u200C\u200Ct\u200C\u200C\u200C\u200C\u200C\u200C\u200Cr\u200C\u200C\u200C\u200C\u200C\u200C\u200C\u200Ca\u200C\u200C\u200C\u200C\u200C\u200C\u200Cl\u200C\u200C\u200C\u200C\u200C\u200C\u200C\u200Ci\u200C\u200C\u200C\u200C\u200Ca Hyundai A League','','']],[[2878742,1,11871,'N\u200C\u200Ce\u200C\u200C\u200C\u200C\u200C\u200C\u200Cw\u200C\u200C\u200C\u200C\u200C\u200C\u200Cc\u200C\u200C\u200C\u200C\u200C\u200C\u200Ca\u200C\u200C\u200C\u200C\u200C\u200C\u200C\u200Cs\u200C\u200C\u200C\u200C\u200C\u200C\u200Ct\u200C\u200C\u200C\u200C\u200C\u200C\u200C\u200Cl\u200C\u200C\u200C\u200C\u200Ce Jets','S\u200C\u200Cy\u200C\u200C\u200C\u200C\u200C\u200C\u200Cd\u200C\u200C\u200C\u200C\u200C\u200C\u200Cn\u200C\u200C\u200C\u200C\u200C\u200C\u200Ce\u200C\u200C\u200C\u200C\u200C\u200C\u200C\u200Cy\u200C\u200C\u200C\u200C\u200C\u200C\u200C \u200C\u200C\u200C\u200C\u200C\u200C\u200C\u200CF\u200C\u200C\u200C\u200C\u200CC','1.001-E006720011001',6,'01/10/2020 16:30',1,'MY: Astro 818\nSG: Mio 109 - Eleven\nSG: Starhub 213\n',14]],[[4125205,2878742,0,1,2,14],[4162158,2892873,0,1,0,4]],[[4125205,4,1,37,45,0,0,0,{7:1,9:1},{1:45,2:45,3:15,4:15}],[4162158,2,1,45,45,0,0,3,0,{1:45,2:45,3:15,4:15}]],,[[40864061,,[0.82,-0.9]],[40864065,[4125205,,,12000.00],[-0.95,0.85]],[40884046,,[0.78,-0.88]],[40864064,,[-0.67,0.57]],[40864067,[4125205,5,1,3000.00,0],[9.75,4.3,1.34]],[40864068,,[100]],[41113884,,[0.89,0.81]],[41138487,[4165029,,,500.00]],[41138486,[4165029,,,300.00],[0.65,-0.95]]],,,'Football',0],[,,[],0],,0]


L‌‌o‌‌‌‌‌‌‌n‌‌‌‌‌‌‌g‌‌‌‌‌‌‌ ‌‌‌‌‌‌‌‌A‌‌‌‌‌‌‌n‌‌‌‌‌‌‌‌ ‌‌‌‌‌FC
F‌‌i‌‌‌‌‌‌‌c‌‌‌‌‌‌‌o‌‌‌‌‌‌‌ ‌‌‌‌‌‌‌‌T‌‌‌‌‌‌‌a‌‌‌‌‌‌‌‌y‌‌‌‌‌ Ninh
halftime
[11852,0,[,,[[4162158,2892873,0,1,0,4]],[[4162158,2,5,0,45,0,0,0,0,{1:45,2:45,3:15,4:15}]],,[[40864061,,[0.76,-0.84]],[40864075,,[-0.9,0.82]],[40864065,,[-0.98,0.88]],[40884046,,[0.79,-0.89]],[40864067,,[8,4.4,1.37]],[40864063,,[0.13,-0.23]],[41113857,,[-0.88,0.58]],[41113863,,[0.76,0.94]],[41113859,,[-0.94,0.64]],[41113882,,[0.66,-0.96]],[41138486,,[0.96,0.74]],[41138487,,[0.5,-0.8]]],,,'Football',0],[,,[],0],,0]


N‌‌e‌‌‌‌‌‌‌w‌‌‌‌‌‌‌c‌‌‌‌‌‌‌a‌‌‌‌‌‌‌‌s‌‌‌‌‌‌‌t‌‌‌‌‌‌‌‌l‌‌‌‌‌e Jets
S‌‌y‌‌‌‌‌‌‌d‌‌‌‌‌‌‌n‌‌‌‌‌‌‌e‌‌‌‌‌‌‌‌y‌‌‌‌‌‌‌ ‌‌‌‌‌‌‌‌F‌‌‌‌‌C
3 phut bu gio H1
[12256,0,[,,[[4125205,2878742,0,1,2,9]],[[4125205,4,1,45,45,0,0,3,0,{1:45,2:45,3:15,4:15}]],,[[40864065,,[-0.88,0.78]],[40864067,,[8.25,4.4,1.36]],[41138482,,[0.94,0.76]],[41138487,,[0.72,0.98]]],,,'Football',0],[,,[],0],,0]


N‌‌e‌‌‌‌‌‌‌w‌‌‌‌‌‌‌c‌‌‌‌‌‌‌a‌‌‌‌‌‌‌‌s‌‌‌‌‌‌‌t‌‌‌‌‌‌‌‌l‌‌‌‌‌e Jets
S‌‌y‌‌‌‌‌‌‌d‌‌‌‌‌‌‌n‌‌‌‌‌‌‌e‌‌‌‌‌‌‌‌y‌‌‌‌‌‌‌ ‌‌‌‌‌‌‌‌F‌‌‌‌‌C
halftime
[12571,0,[,,[[4125205,2878742,0,1,2,9]],[[4125205,4,5,0,45,0,0,0,0,{1:45,2:45,3:15,4:15}]],,[[40864067,,[8.5,4.4,1.36]],[41113861,,[0.79,0.91]],[41113880,,[0.74,0.96]],[41113884,,[0.47,-0.77]],[41138483,,[0.62,-0.92]],[41138486,,[0.55,-0.85]]],,,'Football',0],[,,[],0],,0]



Binh Phuoc FC
Pho Hien
begin second half
[12754,0,[,,[[4162159,2892874,0,0,1,4]],[[4162159,2,2,0,45,0,0,0,0,{1:45,2:45,3:15,4:15}]],,[[40864067,,[8.5,4.4,1.36]],[41113880,,[0.82,0.88]],[41113884,,[0.52,-0.82]],[41138487,[4165029,,,500.00],[0.9,0.8]],[41138486,[4165029,,,300.00],[0.63,-0.93]]],,,'Football',0],[,,[],0],,0]


L‌‌o‌‌‌‌‌‌‌n‌‌‌‌‌‌‌g‌‌‌‌‌‌‌ ‌‌‌‌‌‌‌‌A‌‌‌‌‌‌‌n‌‌‌‌‌‌‌‌ ‌‌‌‌‌FC
F‌‌i‌‌‌‌‌‌‌c‌‌‌‌‌‌‌o‌‌‌‌‌‌‌ ‌‌‌‌‌‌‌‌T‌‌‌‌‌‌‌a‌‌‌‌‌‌‌‌y‌‌‌‌‌ Ninh
từ ht sang LIVE
[13047,0,[,,[[4162158,2892873,0,1,0,4]],[[4162158,2,0,0,45,0,0,0,0,{1:45,2:45,3:15,4:15}]],,[[40864067,,[8.5,4.4,1.36]],[41113863,,[0.84,0.86]],[41113859,,[0.56,-0.86]],[41113882,,[0.3,-0.6]],[41113880,,[0.95,0.75]],[41113884,,[0.43,-0.73]],[41138486,,[0.84,0.86]],[41138487,,[-0.78,0.48]]],,,'Football',0],[,,[],0],,0]

L‌‌o‌‌‌‌‌‌‌n‌‌‌‌‌‌‌g‌‌‌‌‌‌‌ ‌‌‌‌‌‌‌‌A‌‌‌‌‌‌‌n‌‌‌‌‌‌‌‌ ‌‌‌‌‌FC
F‌‌i‌‌‌‌‌‌‌c‌‌‌‌‌‌‌o‌‌‌‌‌‌‌ ‌‌‌‌‌‌‌‌T‌‌‌‌‌‌‌a‌‌‌‌‌‌‌‌y‌‌‌‌‌ Ninh
vao H2 phut 00
[13135,0,[,,[[4162158,2892873,0,1,0,4]],[[4162158,2,2,0,45,0,0,0,0,{1:45,2:45,3:15,4:15}]],,[[40864062,,[0.56,-0.64]],[40864067,,[8.75,4.6,1.34]],[41113882,,[0.22,-0.52]],[41113880,,[0.9,0.8]],[41138483,,[0.68,-0.98]],[41138486,,[0.91,0.79]],[41138487,,[-0.78,0.48]]],,,'Football',0],[,,[],0],,0]


B‌‌a‌‌‌‌‌‌‌n‌‌‌‌‌‌‌i‌‌‌‌‌‌‌k‌‌‌‌‌‌‌‌ ‌‌‌‌‌‌‌O‌‌‌‌‌‌‌‌s‌‌‌‌‌trava	- 0
S‌‌K‌‌‌‌‌‌‌ ‌‌‌‌‌‌‌P‌‌‌‌‌‌‌r‌‌‌‌‌‌‌‌o‌‌‌‌‌‌‌s‌‌‌‌‌‌‌‌t‌‌‌‌‌ejov	- 1
xen giữa, thêm mới
[13667,0,[[[63302,'W\u200C\u200Ci\u200C\u200C\u200C\u200C\u200C\u200C\u200Cn\u200C\u200C\u200C\u200C\u200C\u200C\u200Ct\u200C\u200C\u200C\u200C\u200C\u200C\u200Ce\u200C\u200C\u200C\u200C\u200C\u200C\u200C\u200Cr\u200C\u200C\u200C\u200C\u200C\u200C\u200C \u200C\u200C\u200C\u200C\u200C\u200C\u200C\u200CT\u200C\u200C\u200C\u200C\u200Cournament (in Czech Republic & Slovakia)','','']],[[2894468,1,63302,'B\u200C\u200Ca\u200C\u200C\u200C\u200C\u200C\u200C\u200Cn\u200C\u200C\u200C\u200C\u200C\u200C\u200Ci\u200C\u200C\u200C\u200C\u200C\u200C\u200Ck\u200C\u200C\u200C\u200C\u200C\u200C\u200C\u200C \u200C\u200C\u200C\u200C\u200C\u200C\u200CO\u200C\u200C\u200C\u200C\u200C\u200C\u200C\u200Cs\u200C\u200C\u200C\u200C\u200Ctrava','S\u200C\u200CK\u200C\u200C\u200C\u200C\u200C\u200C\u200C \u200C\u200C\u200C\u200C\u200C\u200C\u200CP\u200C\u200C\u200C\u200C\u200C\u200C\u200Cr\u200C\u200C\u200C\u200C\u200C\u200C\u200C\u200Co\u200C\u200C\u200C\u200C\u200C\u200C\u200Cs\u200C\u200C\u200C\u200C\u200C\u200C\u200C\u200Ct\u200C\u200C\u200C\u200C\u200Cejov','1.012-E195220011001',10,'01/10/2020 17:30',1,'',1]],[[4165594,2894468,0,0,1,1]],[[4165594,1,1,1,45,0,0,0,{3:1},{1:45,2:45,3:15,4:15}]],,[[40884045,[4125205,,,3000.00]],[40864062,[4125205,,,2000.00]],[40864067,,[9.25,4.2,1.37]],[41113861,,[0.96,0.74]],[41113863,[4162158,,,500.00],[1,0.7]],[41113859,[4162158,,,300.00]],[41113878,,[0.74,0.96]],[41113882,,[0.17,-0.47]],[41113884,,[0.9,0.8]],[41138486,,[-0.76,0.46]],[41142180,[4165594,3,1,2000.00,4.50],[0.97,0.85]]],,,'Football',0],[,,[],0],,0]

N‌‌e‌‌‌‌‌‌‌w‌‌‌‌‌‌‌c‌‌‌‌‌‌‌a‌‌‌‌‌‌‌‌s‌‌‌‌‌‌‌t‌‌‌‌‌‌‌‌l‌‌‌‌‌e Jets
S‌‌y‌‌‌‌‌‌‌d‌‌‌‌‌‌‌n‌‌‌‌‌‌‌e‌‌‌‌‌‌‌‌y‌‌‌‌‌‌‌ ‌‌‌‌‌‌‌‌F‌‌‌‌‌C
từ HT sang LIVE
[14014,0,[,,[[4125205,2878742,0,1,2,9]],[[4125205,4,0,0,45,0,0,0,0,{1:45,2:45,3:15,4:15}]],,[[40864067,,[9.25,4.2,1.37]],[41113861,,[0.85,0.85]],[41113878,,[0.86,0.84]],[41138486,,[-0.49,0.19]],[41138487,,[-0.36,0.06]],[41142180,,[0.77,-0.95]],[41142184,[4165594,5,1,500.00,0],[2.59,3.95,2.08]],[41142179,,[0.77,-0.93]],[41142178,[4165594,7,1,500.00,0.50],[-0.91,0.75]],[41142185,[4165594,8,1,500.00,0],[5.2,2.63,1.84]],[41142183,,[0.86,0.96]],[41142182,,[0.5,-0.68]]],,,'Football',0],[,,],0],,0]


N‌‌e‌‌‌‌‌‌‌w‌‌‌‌‌‌‌c‌‌‌‌‌‌‌a‌‌‌‌‌‌‌‌s‌‌‌‌‌‌‌t‌‌‌‌‌‌‌‌l‌‌‌‌‌e Jets
S‌‌y‌‌‌‌‌‌‌d‌‌‌‌‌‌‌n‌‌‌‌‌‌‌e‌‌‌‌‌‌‌‌y‌‌‌‌‌‌‌ ‌‌‌‌‌‌‌‌F‌‌‌‌‌C
từ LIVE sang phút 00 H2
[14106,0,[[[11871,'A\u200C\u200Cu\u200C\u200C\u200C\u200C\u200C\u200C\u200Cs\u200C\u200C\u200C\u200C\u200C\u200C\u200Ct\u200C\u200C\u200C\u200C\u200C\u200C\u200Cr\u200C\u200C\u200C\u200C\u200C\u200C\u200C\u200Ca\u200C\u200C\u200C\u200C\u200C\u200C\u200Cl\u200C\u200C\u200C\u200C\u200C\u200C\u200C\u200Ci\u200C\u200C\u200C\u200C\u200Ca Hyundai A League','',''],[37769,'Football Tournament (in Vietnam)','','']],[[2878742,1,11871,'N\u200C\u200Ce\u200C\u200C\u200C\u200C\u200C\u200C\u200Cw\u200C\u200C\u200C\u200C\u200C\u200C\u200Cc\u200C\u200C\u200C\u200C\u200C\u200C\u200Ca\u200C\u200C\u200C\u200C\u200C\u200C\u200C\u200Cs\u200C\u200C\u200C\u200C\u200C\u200C\u200Ct\u200C\u200C\u200C\u200C\u200C\u200C\u200C\u200Cl\u200C\u200C\u200C\u200C\u200Ce Jets','S\u200C\u200Cy\u200C\u200C\u200C\u200C\u200C\u200C\u200Cd\u200C\u200C\u200C\u200C\u200C\u200C\u200Cn\u200C\u200C\u200C\u200C\u200C\u200C\u200Ce\u200C\u200C\u200C\u200C\u200C\u200C\u200C\u200Cy\u200C\u200C\u200C\u200C\u200C\u200C\u200C \u200C\u200C\u200C\u200C\u200C\u200C\u200C\u200CF\u200C\u200C\u200C\u200C\u200CC','1.001-E006720011001',6,'01/10/2020 16:30',1,'MY: Astro 818\nSG: Mio 109 - Eleven\nSG: Starhub 213\n',9],[2892873,1,37769,'Long An FC','Fico Tay Ninh','1.043-E221720011002',9,'01/10/2020 16:30',0,'',0]],[[4125205,2878742,0,1,2,9],[4162158,2892873,0,2,0,0]],[[4125205,4,2,0,45,0,0,0,0,{1:45,2:45,3:15,4:15}],[4162158,2,2,9,45,0,0,0,{1:2,3:2},{1:45,2:45,3:15,4:15}]],,[[40884046,,[0.9,1]],[40864065,,[-0.8,0.7]],[40864067,[4125205,5,1,3000.00,0],[8.5,4.2,1.39]],[41142180,[4165594,,,2000.00],[0.83,0.99]],[41142181,[4165594,,,1000.00],[-0.95,0.77]],[41142178,,[-0.88,0.72]],[41142185,[4165594,8,1,500.00,0],[3.9,3.5,1.73]],[41142183,,[0.86,0.96]],[41142182,,[0.55,-0.73]]],[41113861,41113863,41113857,41113859],,'Football',0],[,,[],0],,0]




Dong Thap FC
An Giang
delete match
[14605,0,[[[37769,'F\u200C\u200Co\u200C\u200C\u200C\u200C\u200C\u200C\u200Co\u200C\u200C\u200C\u200C\u200C\u200C\u200Ct\u200C\u200C\u200C\u200C\u200C\u200C\u200Cb\u200C\u200C\u200C\u200C\u200C\u200C\u200C\u200Ca\u200C\u200C\u200C\u200C\u200C\u200C\u200Cl\u200C\u200C\u200C\u200C\u200C\u200C\u200C\u200Cl\u200C\u200C\u200C\u200C\u200C Tournament (in Vietnam)','','']],[[2892873,1,37769,'L\u200C\u200Co\u200C\u200C\u200C\u200C\u200C\u200C\u200Cn\u200C\u200C\u200C\u200C\u200C\u200C\u200Cg\u200C\u200C\u200C\u200C\u200C\u200C\u200C \u200C\u200C\u200C\u200C\u200C\u200C\u200C\u200CA\u200C\u200C\u200C\u200C\u200C\u200C\u200Cn\u200C\u200C\u200C\u200C\u200C\u200C\u200C\u200C \u200C\u200C\u200C\u200C\u200CFC','F\u200C\u200Ci\u200C\u200C\u200C\u200C\u200C\u200C\u200Cc\u200C\u200C\u200C\u200C\u200C\u200C\u200Co\u200C\u200C\u200C\u200C\u200C\u200C\u200C \u200C\u200C\u200C\u200C\u200C\u200C\u200C\u200CT\u200C\u200C\u200C\u200C\u200C\u200C\u200Ca\u200C\u200C\u200C\u200C\u200C\u200C\u200C\u200Cy\u200C\u200C\u200C\u200C\u200C Ninh','1.043-E221720011002',9,'01/10/2020 16:30',0,'',4]],[[4162158,2892873,0,2,0,4]],[[4162158,2,2,13,45,0,0,0,0,{1:45,2:45,3:15,4:15}]],[4165029],[[40884046,,[-0.97,0.87]],[40864076,,[0.73,-0.83]],[40864067,,[8.75,4.2,1.37]],[41113861,[4162158,,,500.00],[0.79,0.91]],[41113857,[4162158,,,300.00],[-0.99,0.69]],[41113863,,[0.92,0.78]],[41113878,,[0.95,0.75]],[41113880,,[0.75,0.95]],[41113884,,[-0.89,0.59]],[41142177,,[0.96,0.88]],[41142176,,[0.65,-0.81]],[41142180,,[-0.98,0.8]],[41142181,,[0.71,-0.89]],[41142184,,[2.43,3.6,2.32]],[41142182,,[0.7,-0.88]]],[41138482,41138486,41138483],,'Football',0],[,,[],0],,0]


Dong Thap FC
An Giang
delete match
[14653,0,[,,,,,[[40864075,,[-0.89,0.81]],[40864067,,[8.75,4.2,1.37]],[41113861,,[0.72,0.98]],[41113857,,[-0.93,0.63]],[41113880,,[0.8,0.9]],[41113884,,[-0.86,0.56]],[41142176,,[0.68,-0.84]],[41142180,,[-0.98,0.8]],[41142178,,[-0.84,0.68]],[41142185,,[4.1,3.55,1.69]],[41142183,,[1,0.82]]],,,'Football',0],[,,[],0],,0]

