Binh Phuoc FC	- 0
Pho Hien		- 1
[10175,0,[[[37769,'F\u200C\u200Co\u200C\u200C\u200C\u200C\u200C\u200C\u200Co\u200C\u200C\u200C\u200C\u200C\u200C\u200Ct\u200C\u200C\u200C\u200C\u200C\u200C\u200Cb\u200C\u200C\u200C\u200C\u200C\u200C\u200C\u200Ca\u200C\u200C\u200C\u200C\u200C\u200C\u200Cl\u200C\u200C\u200C\u200C\u200C\u200C\u200C\u200Cl\u200C\u200C\u200C\u200C\u200C Tournament (in Vietnam)','','']],[[2892874,1,37769,'Binh Phuoc FC','Pho Hien','1.043-E221720011001',9,'01/10/2020 16:30',0,'',2]],[[4162159,2892874,0,0,1,2]],[[4162159,2,1,33,45,0,0,0,{1:1,3:1,7:2,9:2},{1:45,2:45,3:15,4:15}]],,[[40864064,,[0.87,-0.97]],[40864065,,[0.63,-0.73]],[40884046,,[-0.68,0.58]],[40864067,,[2.96,2.94,2.49]],[40864068,,[4.5,1.64,3.7]],[40864066,,[-0.99,0.89]],[40864077,,[-0.63,0.53]],[41113859,[4162158,,,500.00],[0.67,-0.97]],[41113863,[4162158,,,300.00],[-0.93,0.63]],[41113862,,[0.36,-0.66]],[41113882,,[0.9,0.8]],[41113884,[4162159,3,1,500.00,2.75],[0.95,0.75]],[41138487,,[1,0.7]],[41138486,,[0.78,0.92]]],,,'Football',0],[,,[],0],,0]



Binh Phuoc FC	- 1
Pho Hien		- 1
[14511,0,[[[37769,'F\u200C\u200Co\u200C\u200C\u200C\u200C\u200C\u200C\u200Co\u200C\u200C\u200C\u200C\u200C\u200C\u200Ct\u200C\u200C\u200C\u200C\u200C\u200C\u200Cb\u200C\u200C\u200C\u200C\u200C\u200C\u200C\u200Ca\u200C\u200C\u200C\u200C\u200C\u200C\u200Cl\u200C\u200C\u200C\u200C\u200C\u200C\u200C\u200Cl\u200C\u200C\u200C\u200C\u200C Tournament (in Vietnam)','','']],[[2892874,1,37769,'Binh Phuoc FC','Pho Hien','1.043-E221720011001',9,'01/10/2020 16:30',0,'',0]],[[4162159,2892874,0,1,1,0]],[[4162159,2,2,17,45,0,0,0,{1:2,3:2},{1:45,2:45,3:15,4:15}]],,[[40884046,,[0.99,0.91]],[40864064,[4125205,3,1,2000.00,4.00],[0.4,-0.5]],[40864067,,[8.75,4.2,1.38]],[41113863,,[0.95,0.75]],[41113859,,[0.45,-0.75]],[41138486,,[-0.44,0.14]],[41142176,,[0.66,-0.82]],[41142180,[4165594,,,2000.00],[0.9,0.92]],[41142181,[4165594,,,1000.00],[-0.93,0.75]],[41142184,[4165594,5,1,500.00,0],[2.25,3.65,2.48]],[41142178,,[-0.81,0.65]],[41142185,,[4.2,3.6,1.66]],[41142183,,[-0.98,0.8]],[41142182,,[0.65,-0.83]]],[41113882,41113884,41113878,41113880],,'Football',0],[,,[],0],,0]



Dong Thap FC - 1
An Giang - 0
[6665, 0, 0, [[[11871, 'A\u200C\u200Cu\u200C\u200C\u200C\u200C\u200C\u200C\u200Cs\u200C\u200C\u200C\u200C\u200C\u200C\u200Ct\u200C\u200C\u200C\u200C\u200C\u200C\u200Cr\u200C\u200C\u200C\u200C\u200C\u200C\u200C\u200Ca\u200C\u200C\u200C\u200C\u200C\u200C\u200Cl\u200C\u200C\u200C\u200C\u200C\u200C\u200C\u200Ci\u200C\u200C\u200C\u200C\u200Ca Hyundai A League', '', ''], [63258, 'Can Tho Football Tournament (in Vietnam)', '', '']], [[2878742, 1, 11871, 'N\u200C\u200Ce\u200C\u200C\u200C\u200C\u200C\u200C\u200Cw\u200C\u200C\u200C\u200C\u200C\u200C\u200Cc\u200C\u200C\u200C\u200C\u200C\u200C\u200Ca\u200C\u200C\u200C\u200C\u200C\u200C\u200C\u200Cs\u200C\u200C\u200C\u200C\u200C\u200C\u200Ct\u200C\u200C\u200C\u200C\u200C\u200C\u200C\u200Cl\u200C\u200C\u200C\u200C\u200Ce Jets', 'S\u200C\u200Cy\u200C\u200C\u200C\u200C\u200C\u200C\u200Cd\u200C\u200C\u200C\u200C\u200C\u200C\u200Cn\u200C\u200C\u200C\u200C\u200C\u200C\u200Ce\u200C\u200C\u200C\u200C\u200C\u200C\u200C\u200Cy\u200C\u200C\u200C\u200C\u200C\u200C\u200C \u200C\u200C\u200C\u200C\u200C\u200C\u200C\u200CF\u200C\u200C\u200C\u200C\u200CC', '1.001-E006720011001', 6, '01/10/2020 16:30', 1, 'MY: Astro 818\nSG: Mio 109 - Eleven\nSG: Starhub 213\n', 12], [2894231, 1, 63258, 'Dong Thap FC', 'An Giang', '1.042-E201920011001', 10, '01/10/2020 16:00', 0, '', 5]], [[4125205, 2878742, 0, 0, 0, 12], [4165029, 2894231, 0, 1, 0, 5]], [[4165029, 2, 1, 32, 45, 0, 0, 0, { 7: 1, 3: 1, 9: 1 }, { 1: 45, 2: 45, 3: 15, 4: 15 }]], , [[40864061, [4125205, 1, 1, 12000.00, -0.25], [0.98, 0.94]], [40864062, [4125205, 1, 1, 5000.00, -0.50], [0.74, -0.82]], [40864075, [4125205, 1, 1, 3000.00, 0.00], [-0.73, 0.65]], [40884045, [4125205, 1, 1, 2000.00, -0.75], [0.59, -0.67]], [40864064, [4125205, 3, 1, 12000.00, 3.00], [-0.92, 0.82]], [40864065, [4125205, 3, 1, 5000.00, 2.75], [0.82, -0.92]], [40864076, [4125205, 3, 1, 3000.00, 3.25], [-0.74, 0.64]], [40884046, [4125205, 3, 1, 2000.00, 2.50], [0.65, -0.75]], [40864063, [4125205, 7, 1, 5000.00, -0.25], [0.75, -0.85]], [40864072, [4125205, 7, 1, 3000.00, 0.00], [-0.8, 0.7]], [41004160, [4125205, 7, 1, 2000.00, -0.50], [0.51, -0.61]], [40864066, [4125205, 9, 1, 5000.00, 1.25], [-0.9, 0.8]], [41113863, , [0.95, 0.75]], [41113859, , [0.64, -0.94]], [41113858, , [0.8, 0.9]], [41113860, [4162158, , , 500.00], [-0.95, 0.65]], [41113864, [4162158, , , 300.00]], [41113882, , [0.77, 0.93]], [41113884, , [0.82, 0.88]], [41113880, , [0.62, -0.92]], [41113883, , [0.67, -0.97]], [41113881, [4162159, , , 500.00], [0.92, 0.78]], [41113885, [4162159, , , 300.00], [0.64, -0.94]], [41138483, [4165029, 1, 1, 500.00, 0.50], [0.95, 0.75]], [41138486, [4165029, 3, 1, 300.00, 3.00], [0.6, -0.9]], [41138484, [4165029, 7, 1, 500.00, 0.25], [-0.75, 0.45]], [41138489, [4165029, 9, 1, 500.00, 1.50], [-0.8, 0.5]]], , , 'Football', 0], [, , [], 0], , , 0]


Dong Thap FC	- 1
An Giang		- 1
[10595,0,[[[63258,'C\u200C\u200Ca\u200C\u200C\u200C\u200C\u200C\u200C\u200Cn\u200C\u200C\u200C\u200C\u200C\u200C\u200C \u200C\u200C\u200C\u200C\u200C\u200C\u200CT\u200C\u200C\u200C\u200C\u200C\u200C\u200C\u200Ch\u200C\u200C\u200C\u200C\u200C\u200C\u200Co\u200C\u200C\u200C\u200C\u200C\u200C\u200C\u200C \u200C\u200C\u200C\u200C\u200CFootball Tournament (in Vietnam)','','']],[[2894231,1,63258,'Dong Thap FC','An Giang','1.042-E201920011001',10,'01/10/2020 16:00',0,'',0]],[[4165029,2894231,0,1,1,0]],[[4165029,2,2,5,45,0,0,0,{1:2,3:2},{1:45,2:45,3:15,4:15}]],,[[40864061,,[0.85,-0.93]],[40884045,,[-0.6,0.52]],[40864064,,[-0.96,0.86]],[40864065,,[0.74,-0.84]],[40864067,,[3.2,2.87,2.38]],[40864068,,[4.9,1.54,4]],[40864066,,[-0.82,0.72]],[41113858,,[0.8,0.9]],[41113864,,[-0.67,0.37]],[41113880,,[0.8,0.9]],[41113884,,[-0.93,0.63]],[41113881,,[-0.55,0.25]]],[41138482,41138486,41138487,41138483],,'Football',0],[,,[],0],,0]


N‌‌e‌‌‌‌‌‌‌w‌‌‌‌‌‌‌c‌‌‌‌‌‌‌a‌‌‌‌‌‌‌‌s‌‌‌‌‌‌‌t‌‌‌‌‌‌‌‌l‌‌‌‌‌e Jets	- 1
S‌‌y‌‌‌‌‌‌‌d‌‌‌‌‌‌‌n‌‌‌‌‌‌‌e‌‌‌‌‌‌‌‌y‌‌‌‌‌‌‌ ‌‌‌‌‌‌‌‌F‌‌‌‌‌C		- 2
[11368,0,[[[11871,'A\u200C\u200Cu\u200C\u200C\u200C\u200C\u200C\u200C\u200Cs\u200C\u200C\u200C\u200C\u200C\u200C\u200Ct\u200C\u200C\u200C\u200C\u200C\u200C\u200Cr\u200C\u200C\u200C\u200C\u200C\u200C\u200C\u200Ca\u200C\u200C\u200C\u200C\u200C\u200C\u200Cl\u200C\u200C\u200C\u200C\u200C\u200C\u200C\u200Ci\u200C\u200C\u200C\u200C\u200Ca Hyundai A League','','']],[[2878742,1,11871,'N\u200C\u200Ce\u200C\u200C\u200C\u200C\u200C\u200C\u200Cw\u200C\u200C\u200C\u200C\u200C\u200C\u200Cc\u200C\u200C\u200C\u200C\u200C\u200C\u200Ca\u200C\u200C\u200C\u200C\u200C\u200C\u200C\u200Cs\u200C\u200C\u200C\u200C\u200C\u200C\u200Ct\u200C\u200C\u200C\u200C\u200C\u200C\u200C\u200Cl\u200C\u200C\u200C\u200C\u200Ce Jets','S\u200C\u200Cy\u200C\u200C\u200C\u200C\u200C\u200C\u200Cd\u200C\u200C\u200C\u200C\u200C\u200C\u200Cn\u200C\u200C\u200C\u200C\u200C\u200C\u200Ce\u200C\u200C\u200C\u200C\u200C\u200C\u200C\u200Cy\u200C\u200C\u200C\u200C\u200C\u200C\u200C \u200C\u200C\u200C\u200C\u200C\u200C\u200C\u200CF\u200C\u200C\u200C\u200C\u200CC','1.001-E006720011001',6,'01/10/2020 16:30',1,'MY: Astro 818\nSG: Mio 109 - Eleven\nSG: Starhub 213\n',0]],[[4125205,2878742,0,1,2,0]],[[4125205,4,1,35,45,0,0,0,{7:3,9:3,1:4,40:9,3:4,5:1,8:1},{1:45,2:45,3:15,4:15}]],,[[41113884,[4162159,,,500.00]],[41113880,[4162159,,,300.00],[0.67,-0.97]],[41138486,[4165029,,,500.00],[0.71,0.99]],[41138487,[4165029,,,300.00]]],[40864072,40864076,40864063,40864064,40864066,40864061,40864077,40884046,40864075,40864062,40884045,40864068,40864065,40864067],,'Football',0],[,,[],0],,0]


Long An FC		- 2
Fico Tay Ninh	- 0
[14106,0,[[[11871,'A\u200C\u200Cu\u200C\u200C\u200C\u200C\u200C\u200C\u200Cs\u200C\u200C\u200C\u200C\u200C\u200C\u200Ct\u200C\u200C\u200C\u200C\u200C\u200C\u200Cr\u200C\u200C\u200C\u200C\u200C\u200C\u200C\u200Ca\u200C\u200C\u200C\u200C\u200C\u200C\u200Cl\u200C\u200C\u200C\u200C\u200C\u200C\u200C\u200Ci\u200C\u200C\u200C\u200C\u200Ca Hyundai A League','',''],[37769,'Football Tournament (in Vietnam)','','']],[[2878742,1,11871,'N\u200C\u200Ce\u200C\u200C\u200C\u200C\u200C\u200C\u200Cw\u200C\u200C\u200C\u200C\u200C\u200C\u200Cc\u200C\u200C\u200C\u200C\u200C\u200C\u200Ca\u200C\u200C\u200C\u200C\u200C\u200C\u200C\u200Cs\u200C\u200C\u200C\u200C\u200C\u200C\u200Ct\u200C\u200C\u200C\u200C\u200C\u200C\u200C\u200Cl\u200C\u200C\u200C\u200C\u200Ce Jets','S\u200C\u200Cy\u200C\u200C\u200C\u200C\u200C\u200C\u200Cd\u200C\u200C\u200C\u200C\u200C\u200C\u200Cn\u200C\u200C\u200C\u200C\u200C\u200C\u200Ce\u200C\u200C\u200C\u200C\u200C\u200C\u200C\u200Cy\u200C\u200C\u200C\u200C\u200C\u200C\u200C \u200C\u200C\u200C\u200C\u200C\u200C\u200C\u200CF\u200C\u200C\u200C\u200C\u200CC','1.001-E006720011001',6,'01/10/2020 16:30',1,'MY: Astro 818\nSG: Mio 109 - Eleven\nSG: Starhub 213\n',9],[2892873,1,37769,'Long An FC','Fico Tay Ninh','1.043-E221720011002',9,'01/10/2020 16:30',0,'',0]],[[4125205,2878742,0,1,2,9],[4162158,2892873,0,2,0,0]],[[4125205,4,2,0,45,0,0,0,0,{1:45,2:45,3:15,4:15}],[4162158,2,2,9,45,0,0,0,{1:2,3:2},{1:45,2:45,3:15,4:15}]],,[[40884046,,[0.9,1]],[40864065,,[-0.8,0.7]],[40864067,[4125205,5,1,3000.00,0],[8.5,4.2,1.39]],[41142180,[4165594,,,2000.00],[0.83,0.99]],[41142181,[4165594,,,1000.00],[-0.95,0.77]],[41142178,,[-0.88,0.72]],[41142185,[4165594,8,1,500.00,0],[3.9,3.5,1.73]],[41142183,,[0.86,0.96]],[41142182,,[0.55,-0.73]]],[41113861,41113863,41113857,41113859],,'Football',0],[,,[],0],,0]


