[47317854,[4125205,1,0,3000.00,-0.50],[-0.93,0.85]],
[47116117,[4125205,1,0,2000.00,-0.75],[0.83,-0.91]],
[47317856,[4125205,1,0,1000.00,-0.25],[-0.72,0.64]],
[47317858,[4125205,1,0,500.00,-1.00],[0.56,-0.64]],
[47116129,[4125205,2,0,1000.00,0.00],[1,0.9]],
[47116119,[4125205,3,0,3000.00,2.75],[0.82,-0.92]],
[47317855,[4125205,3,0,2000.00,3.00],[-0.94,0.84]],
[47317857,[4125205,3,0,1000.00,2.50],[0.64,-0.74]],
[47317859,[4125205,3,0,500.00,3.25],[-0.72,0.62]],
[47116121,[4125205,5,0,1500.00,0],[4.2,3.75,1.83]],
[47116118,[4125205,7,0,1500.00,-0.25],[0.86,-0.98]],
[47317860,[4125205,7,0,1000.00,0.00],[-0.65,0.53]],
[47116122,[4125205,8,0,800.00,0],[4.1,2.22,2.47]],
[47116120,[4125205,9,0,1500.00,1.25],[-0.95,0.83]],
[47317861,[4125205,9,0,1000.00,1.00],[0.66,-0.78]],

47317861		product id
4125205			group product id
9				product type:
					1	fulltime handicap
					2	fulltime odd/even
					3	fulltime over/under
					4
					5	fulltime 1x2
					6
					7	first half handicap
					8	first half 1x2
					9	first half over/under
0				?
1000.00			? (max bet?)
1.00			hdp (dương thì Hdp1, âm thì Hdp2)
0.66			Odds1a
-0.78			Odds2a