H‌‌a‌‌‌‌‌‌‌l‌‌‌‌‌‌‌l‌‌‌‌‌‌‌e‌‌‌‌‌‌‌‌s‌‌‌‌‌‌‌c‌‌‌‌‌‌‌‌h‌‌‌‌‌er FC (n) - 1 home red

[4178986, 1, 2, 16, 45, 1, 0, 0, {…}, {…}]

[12482, 1, [[[27, 'C\u200C\u200CL\u200C\u200C\u200C\u200C\u200C\u200C\u200CU\u200C\u200C\u200C\u200C\u200C\u200C\u200CB\u200C\u200C\u200C\u200C\u200C\u200C\u200C \u200C\u200C\u200C\u200C\u200C\u200C\u200C\u200CF\u200C\u200C\u200C\u200C\u200C\u200C\u200CR\u200C\u200C\u200C\u200C\u200C\u200C\u200C\u200CI\u200C\u200C\u200C\u200C\u200CENDLY', '', ''], [9425, 'India I-League', '', ''], [37769, 'Football Tournament (in Vietnam)', '', ''], [63386, 'Viettel Football Tournament (in Vietnam)', '', '']], [[2900079, 1, 27, 'H\u200C\u200Ca\u200C\u200C\u200C\u200C\u200C\u200C\u200Cl\u200C\u200C\u200C\u200C\u200C\u200C\u200Cl\u200C\u200C\u200C\u200C\u200C\u200C\u200Ce\u200C\u200C\u200C\u200C\u200C\u200C\u200C\u200Cs\u200C\u200C\u200C\u200C\u200C\u200C\u200Cc\u200C\u200C\u200C\u200C\u200C\u200C\u200C\u200Ch\u200C\u200C\u200C\u200C\u200Cer FC (n)', 'F\u200C\u200CC\u200C\u200C\u200C\u200C\u200C\u200C\u200C \u200C\u200C\u200C\u200C\u200C\u200C\u200CZ\u200C\u200C\u200C\u200C\u200C\u200C\u200Cu\u200C\u200C\u200C\u200C\u200C\u200C\u200C\u200Cr\u200C\u200C\u200C\u200C\u200C\u200C\u200Ci\u200C\u200C\u200C\u200C\u200C\u200C\u200C\u200Cc\u200C\u200C\u200C\u200C\u200Ch', '1.014-E039820011401', 10, '01/14/2020 16:00', 0, '', 2], [2899282, 1, 9425, 'NEROCA FC', 'Real Kashmir', '1.020-E064920011401', 10, '01/14/2020 16:30', 1, 'SBOBETv\n', 5], [2900377, 1, 9425, 'Punjab FC', 'Mohun Bagan AC', '1.020-E064920011402', 10, '01/14/2020 16:30', 1, '', 5], [2892878, 1, 37769, 'Fico Tay Ninh', 'Pho Hien', '1.037-E221720011402', 10, '01/14/2020 16:30', 0, '', 4], [2892879, 1, 37769, 'Ba Ria Vung Tau', 'Binh Phuoc FC', '1.037-E221720011401', 10, '01/14/2020 16:30', 0, '', 4], [2898229, 1, 63386, 'Hoang Anh Gia Lai', 'Than Quang Ninh', '1.036-E117120011403', 10, '01/14/2020 17:00', 0, '', 8], [2898230, 1, 63386, 'Viettel FC', 'Quang Nam FC', '1.036-E117120011404', 10, '01/14/2020 17:00', 0, '', 8]], [[4178986, 2900079, 0, 2, 3, 2], [4177147, 2899282, 0, 0, 0, 5], [4179442, 2900377, 0, 1, 0, 5], [4162163, 2892878, 0, 0, 1, 4], [4162164, 2892879, 0, 1, 0, 4], [4174137, 2898229, 0, 1, 1, 8], [4174138, 2898230, 0, 0, 0, 8]], [[4178986, 1, 2, 16, 45, 1, 0, 0, { 1: 2, 40: 3, 5: 1 }, { 1: 45, 2: 45, 3: 15, 4: 15 }], [4177147, 1, 5, 2, 45, 0, 0, 0, 0, { 1: 45, 2: 45, 3: 15, 4: 15 }], [4179442, 2, 5, 1, 45, 0, 0, 0, { 9: 2, 7: 2 }, { 1: 45, 2: 45, 3: 15, 4: 15 }], [4162163, 1, 5, 4, 45, 0, 0, 0, 0, { 1: 45, 2: 45, 3: 15, 4: 15 }], [4162164, 1, 5, 3, 45, 0, 1, 0, 0, { 1: 45, 2: 45, 3: 15, 4: 15 }], [4174137, 2, 1, 16, 45, 0, 0, 0, 0, { 1: 45, 2: 45, 3: 15, 4: 15 }], [4174138, 2, 1, 15, 45, 0, 0, 0, 0, { 1: 45, 2: 45, 3: 15, 4: 15 }]], , [[44513608, [4178986, 3, 1, 3000.00, 6.00], [0.84, -0.96]], [44513613, [4178986, 3, 1, 2000.00, 6.25], [-0.82, 0.7]], [44499126, [4177147, 1, 1, 1000.00, -0.50], [0.75, -0.91]], [44499133, [4177147, 1, 1, 500.00, -0.25], [-0.9, 0.74]], [44499135, [4177147, 3, 1, 1000.00, 1.25], [0.91, 0.91]], [44499128, [4177147, 3, 1, 500.00, 1.50], [-0.92, 0.74]], [44499130, [4177147, 5, 1, 500.00, 0], [4.1, 2.58, 2.05]], [44519222, [4179442, 1, 1, 1000.00, -0.50], [0.88, 0.96]], [44519215, [4179442, 1, 1, 500.00, -0.25], [-0.73, 0.57]], [44519217, [4179442, 3, 1, 1000.00, 2.25], [0.95, 0.87]], [44519224, [4179442, 3, 1, 500.00, 2.00], [0.6, -0.78]], [44519219, [4179442, 5, 1, 500.00, 0], [1.87, 2.99, 4]], [44390313, [4162163, 1, 1, 500.00, -0.25], [1, 0.7]], [44390309, [4162163, 1, 1, 300.00, -0.50], [0.7, -1]], [44390315, [4162163, 3, 1, 500.00, 2.50], [0.79, 0.91]], [44390311, [4162163, 3, 1, 300.00, 2.75], [-0.98, 0.68]], [44390330, [4162164, 1, 1, 500.00, 1.00], [0.96, 0.74]], [44390334, [4162164, 1, 1, 300.00, 0.75], [0.76, 0.94]], [44390332, [4162164, 3, 1, 500.00, 2.75], [0.97, 0.73]], [44390336, [4162164, 3, 1, 300.00, 2.50], [0.74, 0.96]], [44482270, [4174137, 1, 1, 1000.00, -0.50], [0.61, -0.91]], [44482269, [4174137, 1, 1, 500.00, -0.25], [-0.9, 0.6]], [44482273, [4174137, 3, 1, 1000.00, 4.50], [0.94, 0.76]], [44482274, [4174137, 3, 1, 500.00, 4.25], [0.65, -0.95]], [44482271, [4174137, 7, 1, 500.00, -0.25], [0.74, 0.96]], [44482272, [4174137, 7, 1, 300.00, 0.00], [-0.9, 0.6]], [44482275, [4174137, 9, 1, 500.00, 2.75], [0.8, 0.9]], [44482276, [4174137, 9, 1, 300.00, 3.00], [-0.84, 0.54]], [44482278, [4174138, 1, 1, 1000.00, 0.50], [0.74, 0.96]], [44482277, [4174138, 1, 1, 500.00, 0.25], [0.54, -0.84]], [44482281, [4174138, 3, 1, 1000.00, 2.75], [0.89, 0.81]], [44482282, [4174138, 3, 1, 500.00, 2.50], [0.66, -0.96]], [44482279, [4174138, 7, 1, 500.00, 0.25], [0.94, 0.76]], [44482280, [4174138, 7, 1, 300.00, 0.00], [0.5, -0.8]], [44482284, [4174138, 9, 1, 500.00, 1.00], [0.97, 0.73]], [44482283, [4174138, 9, 1, 300.00, 0.75], [0.47, -0.77]]], , , 'Football', 0], [[2899282], [2890665, 2890663, 2887030, 2887031], [], 0], , 0]






Binh Phuoc FC - 1 away red card

[12783,1,[[[27,'C\u200C\u200CL\u200C\u200C\u200C\u200C\u200C\u200C\u200CU\u200C\u200C\u200C\u200C\u200C\u200C\u200CB\u200C\u200C\u200C\u200C\u200C\u200C\u200C \u200C\u200C\u200C\u200C\u200C\u200C\u200C\u200CF\u200C\u200C\u200C\u200C\u200C\u200C\u200CR\u200C\u200C\u200C\u200C\u200C\u200C\u200C\u200CI\u200C\u200C\u200C\u200C\u200CENDLY','',''],[9425,'India I-League','',''],[37769,'Football Tournament (in Vietnam)','',''],[63386,'Viettel Football Tournament (in Vietnam)','','']],[[2900079,1,27,'H\u200C\u200Ca\u200C\u200C\u200C\u200C\u200C\u200C\u200Cl\u200C\u200C\u200C\u200C\u200C\u200C\u200Cl\u200C\u200C\u200C\u200C\u200C\u200C\u200Ce\u200C\u200C\u200C\u200C\u200C\u200C\u200C\u200Cs\u200C\u200C\u200C\u200C\u200C\u200C\u200Cc\u200C\u200C\u200C\u200C\u200C\u200C\u200C\u200Ch\u200C\u200C\u200C\u200C\u200Cer FC (n)','F\u200C\u200CC\u200C\u200C\u200C\u200C\u200C\u200C\u200C \u200C\u200C\u200C\u200C\u200C\u200C\u200CZ\u200C\u200C\u200C\u200C\u200C\u200C\u200Cu\u200C\u200C\u200C\u200C\u200C\u200C\u200C\u200Cr\u200C\u200C\u200C\u200C\u200C\u200C\u200Ci\u200C\u200C\u200C\u200C\u200C\u200C\u200C\u200Cc\u200C\u200C\u200C\u200C\u200Ch','1.014-E039820011401',10,'01/14/2020 16:00',0,'',2],[2899282,1,9425,'NEROCA FC','Real Kashmir','1.020-E064920011401',10,'01/14/2020 16:30',1,'SBOBETv\n',5],[2900377,1,9425,'Punjab FC','Mohun Bagan AC','1.020-E064920011402',10,'01/14/2020 16:30',1,'',5],[2892878,1,37769,'Fico Tay Ninh','Pho Hien','1.037-E221720011402',10,'01/14/2020 16:30',0,'',4],[2892879,1,37769,'Ba Ria Vung Tau','Binh Phuoc FC','1.037-E221720011401',10,'01/14/2020 16:30',0,'',4],[2898229,1,63386,'Hoang Anh Gia Lai','Than Quang Ninh','1.036-E117120011403',10,'01/14/2020 17:00',0,'',8],[2898230,1,63386,'Viettel FC','Quang Nam FC','1.036-E117120011404',10,'01/14/2020 17:00',0,'',8]],[[4178986,2900079,0,3,3,2],[4177147,2899282,0,0,0,5],[4179442,2900377,0,1,0,5],[4162163,2892878,0,0,1,4],[4162164,2892879,0,1,0,4],[4174137,2898229,0,1,1,8],[4174138,2898230,0,0,0,8]],[[4178986,1,2,20,45,0,0,0,{1:2,40:3,5:1},{1:45,2:45,3:15,4:15}],[4177147,1,5,6,45,0,0,0,0,{1:45,2:45,3:15,4:15}],[4179442,2,5,5,45,0,0,0,{9:2,7:2},{1:45,2:45,3:15,4:15}],[4162163,1,5,9,45,0,0,0,0,{1:45,2:45,3:15,4:15}],[4162164,1,5,7,45,0,1,0,0,{1:45,2:45,3:15,4:15}],[4174137,2,1,20,45,0,0,0,0,{1:45,2:45,3:15,4:15}],[4174138,2,1,19,45,0,0,0,0,{1:45,2:45,3:15,4:15}]],,[[44513608,[4178986,3,1,3000.00,7.00],[0.92,0.96]],[44513613,[4178986,3,1,2000.00,6.75],[0.66,-0.78]],[44499126,[4177147,1,1,1000.00,-0.50],[0.75,-0.91]],[44499133,[4177147,1,1,500.00,-0.25],[-0.9,0.74]],[44499135,[4177147,3,1,1000.00,1.25],[0.91,0.91]],[44499128,[4177147,3,1,500.00,1.50],[-0.89,0.71]],[44499130,[4177147,5,1,500.00,0],[4.1,2.58,2.05]],[44519222,[4179442,1,1,1000.00,-0.50],[0.93,0.91]],[44519215,[4179442,1,1,500.00,-0.25],[-0.73,0.57]],[44519217,[4179442,3,1,1000.00,2.25],[0.85,0.97]],[44519224,[4179442,3,1,500.00,2.00],[0.6,-0.78]],[44519219,[4179442,5,1,500.00,0],[1.92,2.97,3.8]],[44390313,[4162163,1,1,500.00,-0.25],[1,0.7]],[44390309,[4162163,1,1,300.00,-0.50],[0.7,-1]],[44390315,[4162163,3,1,500.00,2.50],[0.78,0.92]],[44390311,[4162163,3,1,300.00,2.25],[0.48,-0.78]],[44390334,[4162164,1,1,500.00,0.75],[0.7,-1]],[44390330,[4162164,1,1,300.00,1.00],[0.9,0.8]],[44390332,[4162164,3,1,500.00,2.75],[0.91,0.79]],[44390336,[4162164,3,1,300.00,2.50],[0.68,-0.98]],[44482269,[4174137,1,1,1000.00,-0.25],[0.95,0.75]],[44482270,[4174137,1,1,500.00,-0.50],[0.62,-0.92]],[44482274,[4174137,3,1,1000.00,4.25],[0.7,1]],[44482273,[4174137,3,1,500.00,4.50],[-1,0.7]],[44482271,[4174137,7,1,500.00,-0.25],[0.6,-0.9]],[44482272,[4174137,7,1,300.00,0.00],[-0.91,0.61]],[44482275,[4174137,9,1,500.00,2.75],[0.9,0.8]],[44482276,[4174137,9,1,300.00,2.50],[0.5,-0.8]],[44482278,[4174138,1,1,1000.00,0.50],[0.78,0.92]],[44482277,[4174138,1,1,500.00,0.25],[0.58,-0.88]],[44482282,[4174138,3,1,1000.00,2.50],[0.73,0.97]],[44482281,[4174138,3,1,500.00,2.75],[0.96,0.74]],[44482279,[4174138,7,1,500.00,0.25],[-0.97,0.67]],[44482280,[4174138,7,1,300.00,0.00],[0.31,-0.61]],[44482283,[4174138,9,1,500.00,0.75],[0.76,0.94]],[44482284,[4174138,9,1,300.00,0.50],[0.45,-0.75]]],,,'Football',0],[[2899282],[2890665,2890663,2887030,2887031],[],0],,0]






